1067
1070
10897
11087
11413
11560
11562
11566
11567
1157
1159
11622
11702
12227
13035
1397
1399
14124
14734
1488
1492
1493
1496
15448
15618
15683
15930
16097
1669
1724
1730
17680
17794
17820
17917
17918
17919
17920
17964
17967
17970
17982
17988
18003
1802
18023
18111
1817
18285
18483
18484
18485
18486
18490
18491
18726
18757
18759
18827
18828
19017
19042
19043
19045
19052
19202
19561
19639
19640
19655
20241
20271
20274
20443
20651
20659
20686
20688
20689
20692
20698
20758
20761
20838
20839
21045
21048
21049
21083
21084
21153
21189
21493
21696
21905
21974
21995
22130
22132
22134
22138
22159
22238
22240
22248
22251
22252
22253
22256
22257
22258
22259
22266
22381
22421
22450
22492
22498
22503
22649
22724
22848
23012
23013
23036
23042
23355
23521
23539
23575
23604
23605
23614
23616
23661
23663
23860
24536
24538
24540
24633
24900
24960
2515
2517
25172
25174
25177
25178
25180
25184
25528
25530
25533
25697
25740
25741
25769
2590
2591
25989
26018
26219
26244
26245
26246
26248
26250
26251
26558
26659
27051
27067
27068
27069
27073
27155
27156
27157
27159
27162
2750
27556
27682
27710
27789
27938
27939
2798
27996
28045
28125
28546
28570
28579
28802
29091
29197
29205
29206
29207
29208
29209
29210
29211
29212
29217
29218
29219
29279
29371
29411
29454
29534
29536
29692
29693
2977
29935
30007
30035
30052
30067
30297
30298
30334
30336
30408
30409
30410
30411
30480
30482
30483
30484
30485
30486
30487
30604
30625
30629
30687
31134
31160
31161
31162
31191
31311
31705
31706
31735
32199
32219
32224
32228
32337
32339
32341
32342
32343
32344
32345
32507
32522
32523
32524
32605
32613
32614
32646
32801
32802
32808
32848
32849
32850
33090
33237
33238
33342
33563
33582
33583
33584
33625
33626
33662
33841
33968
33970
33999
34254
34556
34557
34565
34568
34684
34755
34918
34921
34922
34923
34924
34925
34926
34927
34928
34929
34934
35003
35004
35006
35217
35218
35307
35357
35463
35464
35870
35871
35910
35975
35986
36284
36291
36292
36293
36297
36302
36303
36306
36307
36325
36326
36327
36328
36369
36524
36571
36695
36723
36817
36818
36819
36820
36821
36905
37081
37082
37240
37243
37368
37369
37612
37759
38093
38094
38165
38166
38167
38168
38169
38209
38210
38215
38289
38340
38341
38348
38349
38351
38409
38609
38610
38612
38616
38619
38624
38625
38665
38956
39019
39081
39153
39186
39196
39432
39461
39462
39465
39466
39467
39468
39469
39503
39544
39560
39715
39716
39717
39718
39719
39904
39905
39908
39909
39910
39921
39922
40136
40470
40537
40709
40710
40711
40712
40713
40714
40715
40719
40739
40751
41013
41014
41251
41407
41408
41409
41410
41469
42265
42267
42268
42639
42739
42841
43000
43001
43002
43003
43004
43005
43006
43058
43103
43104
43301
43302
43304
43517
43518
43519
43520
43521
43522
43523
43526
43527
43535
43536
43554
43569
43614
43630
43640
43652
43670
43672
43678
43680
43681
43682
43683
43684
43685
43686
43687
43844
44107
44126
44127
44128
44129
44130
44131
44132
44134
44137
44139
44140
44141
44142
44143
44144
44145
443
44566
44567
44568
44569
44570
44571
44572
44573
44574
44575
44576
44577
44578
44663
44664
44669
44670
44676
44677
44715
44720
44743
44763
44933
45077
45093
45094
45098
45099
45100
45102
45103
45104
45105
45106
45159
45160
45163
45200
45294
45318
45321
45325
45336
45352
45354
45355
45373
45374
45375
45376
45377
45378
45379
45380
45381
45382
45401
45402
45491
45499
45528
45530
45531
45537
45548
45549
45550
45551
45552
45586
45587
45588
45589
45590
45591
45650
45824
45912
45913
45966
45970
45971
45973
45991
45992
45997
46010
46019
46280
46281
46282
46283
46312
46371
46372
46378
46379
46380
46435
46471
46472
46525
46551
46553
46554
46555
46556
4658
46594
46617
46627
46665
46666
46668
46670
46672
46673
46701
46733
46841
46898
46901
46902
46903
46919
46932
46933
46934
46936
46941
46955
46973
46982
46994
47048
47064
47065
47066
47067
47070
47071
47072
47191
47192
47193
47237
47238
47239
47240
47265
47295
47312
47314
47318
47406
47482
47483
47484
47485
47486
47488
47489
47490
47491
47492
47493
47494
47495
47496
47497
47498
47499
47500
47532
47533
47534
47535
47536
47537
47538
47539
47540
47541
47542
47543
47544
47545
47546
47547
47549
47551
47553
47554
47557
47565
47566
47567
47568
47569
47570
47571
47572
47618
47661
47695
47753
47754
47755
47756
47757
47758
47759
47760
47761
47762
47763
47768
47769
47770
47771
47772
47773
47774
47775
47776
47777
47778
47779
47780
47781
47783
47784
47785
47786
47787
47788
47789
47790
47791
47792
47793
47798
47828
47830
47831
47832
47835
47837
47838
47839
47840
47842
47843
47844
47845
47846
47847
47849
47850
47851
47852
47853
47855
47856
47858
47859
47861
47864
47865
47889
47890
47891
47893
47895
47898
47900
47901
47902
47903
47904
47908
47909
47911
47928
47929
47930
47931
47932
47960
47962
47964
47965
47966
47980
48011
48013
48017
48024
48030
48039
48043
48045
48046
48047
48051
48062
48063
48109
48110
48111
48112
48113
48114
48115
48116
48117
48118
48119
48121
48122
48124
48125
48133
48134
48135
48151
48152
48158
48159
48193
48194
48195
48203
48204
48205
48206
48207
48208
48209
48210
48221
48223
48224
48225
48245
48246
48247
48248
48249
48250
48251
48252
48253
48254
48255
48256
48257
48258
48259
48260
48261
48262
48263
48264
48265
48266
48267
48268
48269
48270
48271
48272
48275
48276
48277
48278
48279
48283
48284
48285
48286
48287
48288
48289
48290
48291
48292
48303
48304
48305
48306
48324
48333
48334
48338
48343
48352
48353
48354
48355
48356
48357
48358
48362
48363
48365
48366
48367
48368
48376
48379
48380
48381
48382
48383
48384
48391
48397
48398
48399
48633
48637
48720
48722
48724
48725
48731
48732
48733
48734
48735
48736
48737
48739
48740
48741
48742
48743
48744
48745
48746
48748
48749
48750
48766
48767
48768
48769
48770
48771
48772
48809
48810
48811
48812
48813
48814
48815
48816
48817
48818
48841
48842
48843
48848
48850
48851
48886
48887
48888
48890
48891
48892
48893
48899
48900
48901
48902
48903
48904
48905
48906
48907
48908
48909
48910
48911
48917
48918
48920
48921
48987
49054
49056
49063
49065
49066
49084
49085
49086
49087
49098
49099
49108
49110
49111
49112
49113
49114
49115
49116
49117
49118
49119
49121
49122
49124
49125
49130
49133
49138
49139
49140
49165
49176
49178
49179
49180
49181
49182
49183
49184
49185
49186
49187
49188
49189
49195
492
49203
49207
49213
49214
49216
49217
49218
49219
49220
49223
49225
49227
49228
49229
49230
49231
49232
49233
49238
49241
49242
49243
49244
49245
49256
49257
49258
49259
49263
493
496
5066
5068
5526
575
5790
5791
5847
6345
6351
6470
6574
6676
6679
6681
6682
6685
6688
6819
6821
6902
6907
6958
7053
7054
7057
7060
7248
7603
7959
7960
7964
8665
8695
8729
8732
8733
9303
9391
9551
9552
9657
967
970
971
973